0 0 128
0 14 109
0 29 90
0 43 71
0 58 52
0 73 34
0 87 15
0 88 22
0 74 55
0 61 89
0 47 122
0 34 155
0 20 189
0 6 222
0 14 256
0 42 256
0 70 256
0 99 256
0 127 256
0 155 256
0 184 256
0 198 256
0 207 256
0 216 256
0 225 256
0 233 256
0 242 255
0 251 242
0 255 229
0 254 216
0 253 203
0 252 190
0 251 176
0 250 163
0 250 146
0 251 125
0 252 104
0 253 83
0 253 62
0 254 41
6 255 21
19 252 0
31 244 0
44 237 0
57 229 0
70 221 0
83 214 0
95 206 0
104 213 0
108 219 0
112 226 0
116 233 0
120 239 0
124 246 0
128 252 7
137 256 15
146 256 23
155 256 31
164 256 39
173 256 47
182 256 55
192 256 55
201 256 47
210 256 39
224 256 27
233 256 19
242 256 11
251 251 3
256 246 0
256 241 0
256 236 0
256 231 0
256 226 0
256 221 0
256 216 1
256 211 3
256 206 5
256 201 7
256 196 9
256 191 11
256 186 14
256 170 12
256 153 10
256 137 8
256 120 6
256 104 4
256 88 2
256 71 0
256 62 0
256 52 0
256 42 0
256 33 0
256 23 0
256 14 0
256 4 17
256 0 53
256 0 88
256 0 124
256 0 160
256 0 195
256 0 231
249 3 252
235 10 256
221 17 256
207 24 256
193 31 256
180 37 256
166 44 255
165 56 253
176 68 251
188 80 248
200 92 246
212 104 243
224 116 241
236 128 239
237 137 240
239 146 241
240 155 242
242 165 244
243 174 245
244 183 246
246 193 247
247 202 248
249 211 250
250 221 251
252 230 252
253 239 253
255 248 255
