255 248 240
215 235 250
255 255 0
212 255 127
255 255 240
220 245 245
196 228 255
0 0 0
205 235 255
255 0 0
226 43 138
42 42 165
135 184 222
160 158 95
0 255 127
30 105 210
80 127 255
237 149 100
220 248 255
60 20 220
255 255 0
139 0 0
139 139 0
11 134 184
169 169 169
0 100 0
107 183 189
139 0 139
47 107 85
0 140 255
204 50 153
0 0 139
122 150 233
143 188 143
139 61 72
79 79 47
209 206 0
211 0 148
147 20 255
255 191 0
105 105 105
255 144 30
34 34 178
240 250 255
34 139 34
220 220 220
255 248 248
0 215 255
32 165 218
128 128 128
0 128 0
47 255 173
240 255 240
180 105 255
92 92 205
130 0 75
240 255 255
140 230 240
250 230 230
245 240 255
0 252 124
205 250 255
230 216 173
128 128 240
255 255 224
210 250 250
211 211 211
144 238 144
193 182 255
122 160 255
170 178 32
250 206 135
153 136 119
222 196 176
224 255 255
0 255 0
50 205 50
230 240 250
255 0 255
0 0 128
170 205 102
205 0 0
211 85 186
219 112 147
113 179 60
238 104 123
154 250 0
204 209 72
133 21 199
112 25 25
250 255 245
225 228 255
181 228 255
173 222 255
128 0 0
230 245 253
0 128 128
35 142 107
0 165 255
0 69 255
214 112 218
170 232 238
152 251 152
238 238 175
147 112 219
213 239 255
185 218 255
63 133 205
203 192 255
221 160 221
230 224 176
128 0 128
0 0 255
143 143 188
225 105 65
19 69 139
114 128 250
96 164 244
87 139 46
238 245 255
45 82 160
192 192 192
235 206 135
205 90 106
144 128 112
250 250 255
127 255 0
180 130 70
140 180 210
128 128 0
216 191 216
71 99 255
208 224 64
238 130 238
179 222 245
255 255 255
245 245 245
0 255 255
50 205 154